212
511
361
1791
831
831
1321
4031
1321
831
681
681
212
264
212
2921
681
2111
212
212
212
212
831
212
511
212
212
831
6911
5951
212
212
5801
3436
1321
2751
4991
831
681
681
511
1471
831
831
2111
4991
259
1641
5009
212
361
212
831
714
681
212
681
511
831
259
689
1327
3561
212
1053
1961
1321
1471
1001
167
145
1
145
86
13481
1471
2921
1
1
220
2648
6121
3441
212
212
511
681
2921
212
254
262
1151
1033
1641
1321
1032
511
1471
4201
515
1321
1641
1040
4201
681
544
1641
5311
212
212
212
7231
361
831
1151
511
1346
212
406
511
390
413
1151
2281
361
1961
831
2601
681
4351
560
711
255
212
511
212
247
2322
831
1001
4841
1641
1370
212
212
212
1151
3561
681
4201
511
831
831
212
361
516
831
511
261
212
511
681
831
831
212
361
1
1
1
212
212
212
212
361
1
1
1
1
1
1
1
1
1
1
1
1
1
1
212
511
1
1
361
1
1
1
1001
1
1
1
1
1
1
1
1
1
1
1
212
212
361
1
212
212
361
1
1
1
1
1
1
1
1
1
1
1
1
1
1
361
1
1
1
1
1
1
1
1
1
1
1
361
1
212
361
218
361
511
212
831
4351
4031
1471
511
212
2111
511
1151
264
511
511
2281
695
1791
361
1494
831
361
361
212
5977
212
212
212
212
361
1151
7551
531
212
212
228
361
212
255
361
249
256
361
247
212
511
212
263
2281
681
511
212
212
361
212
212
511
212
681
3241
2111
212
212
212
212
212
361
212
212
212
212
361
212
212
212
361
212
212
212
212
212
212
212
212
212
212
212
212
212
212
212
212
212
212
212
212
212
212
212
212
212
212
212
212
212
212
212
511
681
721
2431
6591
831
6121
1001
361
5028
410
212
259
410
2751
1368
1001
212
212
212
3561
681
1028
5951
2431
1360
511
1471
681
1001
831
3391
681
3391
229
212
4671
212
865
681
259
1202
256
212
831
681
511
361
831
1151
4991
212
361
1961
361
2751
1001
6271
260
3711
1001
511
1471
1471
831
3881
2751
212
686
6441
4201
361
212
1151
1151
2751
8511
212
212
361
511
2111
1961
831
212
212
212
361
212
831
212
1001
1151
3711
6271
4521
212
1791
831
3241
4991
831
212
1641
3711
361
4991
1151
831
4671
1151
681
681
3613
2281
3241
212
511
2751
1321
1961
11071
1321
1791
6761
212
2431
361
1641
1045
694
6591
5631
